cache:
         args: 
  buffer size: 1 Gb, or 134217728 doubles
      workers: 1
1,0.738509
2,0.545632
3,0.789859
4,1.03263
5,1.28369
6,1.53922
7,1.7997
8,2.05761
9,2.26331
10,2.45433
20,3.34585
30,3.5414
40,3.41895
50,3.20584
60,3.33765
70,3.30408
80,3.36135
90,3.42724
100,3.34773
200,3.48504
300,3.54698
400,3.63639
500,4.28975
600,4.7062
700,4.41036
800,3.73595
900,4.39124
1000,4.41229
2000,4.44703
3000,5.30722
4000,4.87863
5000,4.12724
6000,6.99543
7000,4.86892
8000,6.51044
9000,5.23905
10000,5.61328
20000,6.22967
30000,6.23185
40000,6.10659
50000,6.25302
60000,5.71368
70000,5.57348
80000,5.54408
90000,4.52202
100000,4.36863
200000,3.98883
300000,3.80557
400000,3.32675
500000,1.46296
600000,0.957137
700000,2.46569
800000,1.03566
900000,0.738497
1000000,0.743844
2000000,0.799412
3000000,0.713959
4000000,0.860912
5000000,0.51121
6000000,0.676757
7000000,0.524177
8000000,0.6865
9000000,0.526476
10000000,0.546517
20000000,0.29761
30000000,0.29287
40000000,0.302425
50000000,0.353966
60000000,0.29793
70000000,0.301465
80000000,0.299571
90000000,0.309186
100000000,0.325374
200000000,0.370087
300000000,0.433297
400000000,0.469612
500000000,0.528015
600000000,0.585257
700000000,0.646097
800000000,0.727162
900000000,0.776814
